1 2 + 3 4
-5 6 - 7 8
0 3 * 4 5
9 10 / 1 2
10000 10000 + -10000 10000
1 10000 - 1 10000
0 1 + 0 1
3 7 * -2 3
-10 11 / 5 6
7 9 + -4 9
5 3 - 2 3
10 1 * -10 1
9999 10000 + 1 1
-9999 10000 - 1 1
5 1 / 2 1
0 999 + 4 999
-8 2 * 3 5
1 3 / 2 3
-1 4 + 1 4
6 2 - 3 1
-6 2 + 3 1
0 1 * 10 1
2 3 / -4 5
-4 5 + -6 7
3 100 + 2 100
8 9 - 1 9
10 11 * 11 10
1 1 / 2 2
999 1000 + 1 1000
10 10000 - 1 10000
7 3 + 2 3
7 3 - 2 3
7 3 * 2 3
7 3 / 2 3
5 9 + 2 3
8 11 - 4 11
-3 8 * -8 3
9 4 / -3 2
1 1 + -1 1
10000 1 + 0 1
10000 1 - 0 1
-10000 1 + 10000 1
123 456 * 789 1000
9876 4321 / 1234 5678
100 99 + 101 99
-100 99 - -101 99
6 7 * 0 1
0 1 / 3 4
0 1 / 1 1
1 1 / 1 1
1 3 + 2 5
-3 7 - -2 9
4 11 * 3 8
7 2 / 5 4
-9 10 + 10 9
8 13 - -7 13
0 2 * 8 9
5 6 / 2 3
3 4 + -3 4
-7 8 - 7 8
6 1 * -1 2
-5 3 / 3 2
1 2 + 3 10
5 7 - 2 5
0 1 * 1 1
6 11 / 6 11
10 3 + -9 3
-2 9 * 3 7
1 1000 + 1 1000
9999 1 - 9998 1
-10000 10000 + 1 1
0 5 + 5 1
3 1 * 3 1
10000 9999 / -1 1
-9999 1 - -1 9999
5 2 + 2 5
7 10 * 2 5
6 5 / 4 3
3 8 - 1 8
-3 2 + -4 5
1 3 / 3 1
4 3 + -1 3
7 4 - 2 4
9 2 * -2 3
8 9 / 8 9
-6 7 + 3 5
1000 999 + 1000 999
-5000 5000 - -1000 5000
750 1000 * 2 5
250 1000 / 1 4
-10 100 + 20 100
30 40 - 15 20
4 1 * -1 4
9 11 / 3 7
1 5 + 4 5
-2 7 - 1 7
6 6 * 2 3
1 9 / 9 1
1 2 + 3 4
3 5 - 1 10
2 7 * -3 5
1 8 / 2 9
-1 6 + -1 6
9 10 - -1 10
7 12 * 12 7
2 3 / 3 2
4 6 + 5 6
7 15 - 2 15
3 8 * 4 3
5 9 / 3 10
10 100 + 90 100
